          ilkid  firstname      lastname leag    gp  minutes    pts  oreb   dreb    reb   asts   stl   blk  turnover    pf    fga    fgm    fta   ftm   tpa   tpm
1     ABDULKA01     Kareem  Abdul-jabbar    N  1560    57446  38387  2975   9394  17440   5660  1160  3189      2527  4657  28307  15837   9304  6712    18     1
4     ABDURSH01    Shareef   Abdur-rahim    N   672    24862  13338  1498   3976   5474   1847   718   556      1911  1845  10215   4789   4427  3614   477   146
11    ADAMSAL01      Alvan         Adams    N   988    27203  13910  2015   4922   6937   4012  1289   808      2194  3214  11464   5709   3160  2490    15     2
14    ADAMSMI01    Michael         Adams    N   653    20446   9621   416   1484   1900   4209  1081    67      1402  1193   7849   3257   2543  2158  2857   949
17    AGUIRMA01       Mark       Aguirre    N   923    27730  18458  1704   2874   4578   2871   687   296      2306  2599  14865   7201   4944  3664  1258   392
18    AINGEDA01      Danny         Ainge    N  1042    27755  11964   695   2073   2768   4199  1133   132      1566  2549   9905   4643   1980  1676  2651  1002
36    ALLENRA02        Ray         Allen    N   657    24358  13545   728   2327   3055   2587   818   116      1604  1634  10639   4741   2914  2577  3742  1486
59    ANDERKE02      Kenny      Anderson    N   858    25870  10789   623   2018   2641   5196  1259   112      1768  1974   9512   4002   2833  2238  1580   547
62    ANDERNI01       Nick      Anderson    N   800    24922  11529  1011   3053   4064   2087  1114   364      1358  1502   9891   4416   2461  1642  2964  1055
75    ARCHINA01       Nate     Archibald    N   876    31159  16481   344   1015   2046   6476   719    81      1123  2002  12628   5899   5760  4664    85    19
81    ARIZIPA01       Paul        Arizin    N   713    24897  16266     0      0   6129   1665     0     0         0  2764  13354   5628   6189  5010     0     0
86    ARMSTDA01    Darrell     Armstrong    N   647    17470   7002   534   1452   1986   3044  1008    87      1381  1172   5891   2424   1514  1337  2432   817
142   BARKLCH01    Charles       Barkley    N  1073    39330  23757  4260   8286  12546   4215  1648   888      3376  3287  15605   8435   8643  6349  2020   538
145   BARNEDI01       Dick       Barnett    N   971    28937  15358     1      3   2812   2729     1     0         0  2514  13227   6034   4324  3290     0     0
169   BARRYRI01       Rick         Barry    N   794    28825  18395   510   2366   5168   4017  1104   269       574  2264  16163   7252   4243  3818   221    73
189   BAYLOEL01      Elgin        Baylor    N   846    33863  23149     0      0  11463   3650     0     0         0  2596  20171   8693   7391  5763     0     0
212   BELLAWA01       Walt       Bellamy    N  1043    38940  20941   264    481  14241   2544    52    48         0  3536  15340   7914   8088  5113     0     0
250    BINGDA01       Dave          Bing    N   901    32769  18327   418    741   3420   5397   483    89       216  2615  15769   6962   5683  4403     0     0
253    BIRDLA01      Larry          Bird    N   897    34443  21791  1757   7217   8974   5695  1556   755      2816  2279  17334   8591   4471  3960  1727   649
263   BLACKRO01    Rolando      Blackman    N   980    32087  17623  1047   2231   3278   2981   715   274      1829  1634  13969   6887   4309  3620   667   229
269   BLAYLMO01     Mookie      Blaylock    N   889    31026  11962  1016   2643   3659   5972  2073   300      2067  1687  11499   4705   1724  1269  3816  1283
368   BRIDGBI01       Bill       Bridges    N   926    30878  11012   257    376  11054   2553    69    36         0  3375   9463   4181   3824  2650     0     0
408   BROWNPJ01       P.j.         Brown    N   924    29775   8718  2471   4971   7442   1513   837  1006      1157  2786   7323   3399   2412  1912    56     8
424   BRYANKO01       Kobe        Bryant    N   627    21964  14034   725   2484   3209   2788   912   400      1780  1674  10830   4890   4374  3635  1861   619
479    CAGEMI01    Michael          Cage    N  1140    29716   8278  3227   5419   8646   1057  1050   725      1161  2581   6445   3317   2476  1644    25     0
495   CAMPBEL01      Elden      Campbell    N  1045    25776  10805  1775   4341   6116   1199   702  1602      1378  3006   8835   4062   3832  2679    37     2
533   CARTWBI01       Bill    Cartwright    N   963    27491  12713  1812   4294   6106   1390   460   668      1892  2833   8868   4656   4412  3401     2     0
537   CASSESA01        Sam       Cassell    N   802    24478  12960   491   2140   2631   4964   919   138      2045  2295  10290   4711   3483  2991  1654   547
553   CHAMBTO01        Tom      Chambers    N  1107    33922  20049  1942   4761   6703   2283   885   627      2549  3742  15749   7378   6274  5066   740   227
554   CHAMBWI01       Wilt   Chamberlain    N  1045    47859  31419     0      0  23924   4643     0     0         0  2075  23497  12681  11862  6057     0     0
567   CHEEKMA01    Maurice        Cheeks    N  1101    34845  12195   713   2375   3088   7392  2310   294      2268  2258   9374   4906   2938  2331   204    52
580   CHRISDO01       Doug      Christie    N   813    25807   9262   749   2609   3358   2970  1543   389      1710  2030   7561   3224   2445  2010  2265   804
604   COLEMDE01    Derrick       Coleman    N   781    25905  12884  1972   5260   7232   1985   606  1051      2036  2062  10333   4616   4326  3326  1105   326
664   COUSYBO01        Bob         Cousy    N   924    30165  16960     0      0   4786   6955     0     0         0  2242  16468   6168   5756  4624     0     0
665   COWENDA01       Dave        Cowens    N   766    29565  13516  1574   5122  10444   2910   599   488       543  2920  12499   5744   2590  2027    14     1
694   CUMMITE01      Terry      Cummings    N  1183    33898  19460  3183   5447   8630   2190  1255   650      2200  3836  16628   8045   4711  3326   149    44
705   CURRYDE01       Dell         Curry    N  1083    23548  12670   579   2038   2617   1909   985   238      1299  1795  11146   5090   1476  1245  3098  1245
715   DAMPILO01        Lou       Dampier    A   728    27770  13726     0    571   2282   4044   236   117      1337  1633  12047   5290   2849  2352  2217   794
717   DANDRBO01        Bob     Dandridge    N   839    29502  15530   908   2337   5715   2846   661   303       630  2940  13317   6445   3382  2638    12     2
725   DANTLAD01     Adrian       Dantley    N   955    34151  23177  2207   3248   5455   2830   944   150      2503  2550  15121   8169   8351  6832    41     7
749   DAVISDA01       Dale         Davis    N  1020    28966   8597  3039   5376   8415    960   681  1227      1071  2796   6681   3550   2667  1497     7     0
774   DAVISWA03     Walter         Davis    N  1033    28859  19521   889   2164   3053   3878  1280   133      2541  2454  15871   8118   3676  3128   577   157
785   DEBUSDA01       Dave   Debusschere    N   875    31202  14053   134    623   9618   2497    67    39         0  2801  13249   5722   3730  2609     0     0
836   DIVACVL01      Vlade         Divac    N  1134    33824  13398  2750   6576   9326   3541  1288  1631      2470  3609  10510   5205   4176  2888   426   100
863    DREWJO01       John          Drew    N   739    21828  15291  2158   2930   5088   1224  1004   193      1402  2641  11658   5481   5774  4319    57    10
865   DREXLCL01      Clyde       Drexler    N  1086    37537  22195  2615   4062   6677   6125  2207   719      2977  3285  17673   8335   5962  4698  2603   827
880   DUMARJO01        Joe        Dumars    N  1018    35139  16401   671   1532   2203   4612   902    83      2084  1826  13026   5994   4059  3423  2592   990
885   DUNCATI01        Tim        Duncan    N   586    22456  13204  1726   5413   7139   1839   459  1488      1730  1614   9938   5041   4483  3101   108    21
905   EATONMA01       Mark         Eaton    N   875    25169   5216  1857   5082   6939    840   368  3064      1293  2955   4526   2072   1653  1072     2     0
923   EDWARJA01      James       Edwards    N  1168    28356  14862  1804   4200   6004   1499   420   867      1931  4042  11724   5802   4666  3257    21     1
942   ELLISDA01       Dale         Ellis    N  1209    34778  19002  1533   2668   4201   1746   974   183      1771  2480  15275   7322   3365  2639  4269  1719
961   ENGLIAL01       Alex       English    N  1193    38063  25613  2778   3760   6538   4351  1067   833      2821  3027  21036  10659   5141  4277    83    18
971   ERVINJU01     Julius        Erving    N   836    28677  18364  2067   3534   5601   3224  1508  1293      2323  2286  14276   7237   4950  3844   176    46
982   EWINGPA01    Patrick         Ewing    N  1183    40597  24815  2720   8886  11606   2215  1136  2894      3535  4034  19241   9702   7289  5392   125    19
1017  FINLEMI01    Michael        Finley    N   735    28886  13974   937   2802   3739   2750   851   267      1383  1431  12103   5440   2662  2149  2557   945
1031  FLOYDSL01     Sleepy         Floyd    N   957    26383  12260   626   1868   2494   5175  1120   215      2251  1972  10015   4448   3493  2846  1599   518
1063    FOXRI01       Rick           Fox    N   930    23722   8966   929   2588   3517   2649   967   355      1611  2739   7519   3382   1858  1431  2210   771
1071  FRAZIWA01       Walt       Frazier    N   825    30965  15581   403   1523   4830   5040   681    59       139  2180  12516   6130   4226  3321     1     0
1079   FREEWO01      World          Free    N   886    26893  17955  1008   1422   2430   3319   910   223      1869  2270  14294   6512   6264  4718   632   213
1122  GARNEKE01      Kevin       Garnett    N   775    29583  15681  2007   6594   8601   3525  1089  1343      2002  1965  12882   6311   3794  2915   481   144
1148  GERVIGE01     George        Gervin    N   791    26536  20708  1186   2421   3607   2214   941   670      2137  2331  15747   8045   5383  4541   259    77
1162   GILLKE01    Kendall          Gill    N   966    29482  12914  1250   2752   4002   2945  1519   432      1734  2514  11672   5068   3267  2463  1051   315
1164  GILMOAR01      Artis       Gilmore    N   909    29685  15579  2639   6522   9161   1777   470  1747      2347  2986   9570   5732   5768  4114    13     1
1185  GOODRGA01       Gail      Goodrich    N  1031    33527  19181   453    651   3279   4805   545    72       390  2775  16300   7431   5354  4319     0     0
1209  GRANTHO01     Horace         Grant    N  1165    38623  12996  3362   6081   9443   2575  1143  1136      1303  2832  10695   5439   3053  2114    63     4
1227  GREENAC01       A.c.         Green    N  1278    36555  12331  3354   6119   9473   1400  1033   545      1434  2436   9202   4544   4250  3119   489   124
1230  GREENJO01     Johnny         Green    N  1057    24624  12281     0      0   9083   1449     0     0         0  2856  10091   4973   4226  2335     0     0
1248  GREERHA01        Hal         Greer    N  1122    39788  21586     0      0   5665   4540     0     0         0  3855  18811   8504   5717  4578     0     0
1273  GUERIRI01     Richie        Guerin    N   848    27449  14676     0      0   4278   4211     0     0         0  2769  12451   5174   5549  4328     0     0
1335  HARDATI01        Tim      Hardaway    N   867    30623  15373   536   2319   2855   7095  1428   129      2481  2027  13076   5640   3263  2551  4345  1542
1348  HARPEDE01      Derek        Harper    N  1199    37783  15997   696   2189   2885   6571  1958   304      2338  2755  13379   6187   3426  2554  3023  1069
1350  HARPERO01        Ron        Harper    N  1009    31199  13910  1322   2987   4309   3916  1716   729      2251  2324  11946   5326   3799  2735  1811   523
1379  HAVLIJO01       John      Havlicek    N  1270    46471  26395   610   1389   8007   6114   476   117       204  3281  23930  10513   6589  5369     0     0
1383  HAWKIHE01     Hersey       Hawkins    N   983    32038  14468   825   2729   3554   2860  1622   302      1828  2044  10612   4889   3983  3464  3108  1226
1390  HAYESEL01      Elvin         Hayes    N  1303    50000  27313  2778   6973  16279   2398   864  1771      1358  4193  24272  10976   7999  5356    34     5
1496  HORNAJE01       Jeff      Hornacek    N  1077    33964  15659   919   2727   3646   5281  1536   226      1971  2364  11957   5929   3390  2973  2055   828
1499  HORRYRO01     Robert         Horry    N   931    24178   7014  1377   3312   4689   2140  1049   923      1271  2405   5981   2580   1600  1180  1966   674
1504  HOUSTAL01      Allan       Houston    N   839    28308  14551   326   2108   2434   1990   566   139      1760  2062  12017   5337   2979  2572  3247  1305
1515  HOWELBA01     Bailey        Howell    N   950    30627  17770     0      0   9383   1853     0     0         0  3498  13585   6515   6224  4740     0     0
1518  HUDSOLO01        Lou        Hudson    N   890    29794  17940   436    718   3926   2432   516    98       249  2439  15129   7392   3960  3156     0     0
1536  HUNTELI01    Lindsey        Hunter    N   790    21550   7469   400   1495   1895   2272  1033   154      1068  1687   7143   2785   1208   897  2735  1002
1556  ISSELDA01        Dan         Issel    N   718    22342  14659  1686   4021   5707   1804   698   396      1281  2022  10711   5424   4756  3792    75    19
1558  IVERSAL01      Allen       Iverson    N   610    25338  16738   554   1920   2474   3643  1453   121      2291  1318  14065   5875   5454  4195  2564   793
1568  JACKSJI01        Jim       Jackson    N   845    28556  12569  1139   2937   4076   2816   714   182      2144  1921  11087   4764   2638  2178  2339   863
1571  JACKSMA01       Mark       Jackson    N  1296    39124  12489  1112   3851   4963  10323  1608   117      3154  2230  10731   4793   2818  2169  2213   734
1628  JOHNSDE01     Dennis       Johnson    N  1100    35954  15535  1459   2790   4249   5499  1477   675      2448  3087  13100   5832   4754  3791   464    80
1633  JOHNSED03      Eddie       Johnson    N  1199    32604  19202  1786   3046   4832   2550   739   180      2076  2962  16361   7727   3792  3186  1679   562
1648  JOHNSKE01      Kevin       Johnson    N   735    25061  13127   487   1917   2404   6711  1082   175      2258  1541   9160   4512   4691  3943   524   160
1656  JOHNSMA01      Magic       Johnson    N   906    33245  17707  1601   4958   6559  10141  1724   374      3506  2050  11951   6211   5850  4960  1074   325
1658  JOHNSMI01     Mickey       Johnson    N   904    25005  12748  2201   4264   6465   2677  1025   632      2050  3101  10544   4733   4066  3253   176    29
1680  JONESCA01   Caldwell         Jones    N  1068    26474   6589  2042   5621   7663   1347   480  1517      1596  3527   5395   2554   1965  1479    31     2
1690  JONESED01      Eddie         Jones    N   768    27828  12599   633   2623   3256   2457  1395   535      1338  2086   9961   4395   3090  2508  3434  1301
1727  JORDAMI01    Michael        Jordan    N  1072    41012  32292  1640   5032   6672   5633  2514   893      2924  2783  24537  12192   8772  7327  1778   581
1769   KEMPSH01      Shawn          Kemp    N  1051    29291  15347  2953   5881   8834   1704  1185  1279      2724  3840  11278   5505   5805  4304   119    33
1784  KERSEJE01     Jerome        Kersey    N  1153    28115  11825  2330   4009   6339   2134  1439   799      1583  3454  10166   4723   3364  2321   288    58
1791   KIDDJA01      Jason          Kidd    N   786    29459  11617  1121   3952   5073   7283  1625   234      2606  1467  10385   4172   2958  2300  2957   973
1802   KINGBE01    Bernard          King    N   874    29417  19655  1704   3356   5060   2863   866   230      2791  2885  15109   7830   5444  3972   134    23
1886  LACEYSA01        Sam         Lacey    N  1002    31873  10303  1647   5226   9687   3754   999  1160       978  3473   9693   4276   2369  1748    16     3
1894  LAIMBBI01       Bill      Laimbeer    N  1068    33956  13790  2819   7581  10400   2184   710   965      1594  3633  11198   5574   2916  2440   619   202
1909  LANIEBO01        Bob        Lanier    N   959    32103  19248  1843   4853   9698   3007   777  1100      1112  3048  15092   7761   4858  3724    13     2
2002   LONGGR01      Grant          Long    N  1003    28514   9518  2145   4009   6154   1716  1199   366      1628  2957   7440   3472   3272  2491   293    83
2020  LUCASJE01      Jerry         Lucas    N   829    32131  14053    62    312  12942   2732    28    24         0  2387  11441   5709   3365  2635     0     0
2021  LUCASJO01       John         Lucas    N   928    25556   9951   490   1661   2151   6454  1273    73      1803  1691   8696   3905   2446  1897   806   244
2023  LUCASMA01    Maurice         Lucas    N   855    24787  12339  2119   5401   7520   1987   639   538      1810  2865  10297   4870   3399  2595    36     4
2059  MAHORRI01       Rick        Mahorn    N  1117    25779   7763  1814   5143   6957   1082   633  1006      1456  3499   6286   3098   2218  1562    38     5
2060  MAJERDA01        Dan       Majerle    N   955    30209  10925  1103   3162   4265   2755  1194   360      1116  1927   9171   3950   2246  1665  3798  1360
2062  MALONJE01       Jeff        Malone    N   905    29660  17231   572   1792   2364   2154   577   100      1538  1695  14674   7099   3383  2947   321    86
2063  MALONKA01       Karl        Malone    N  1476    54852  36928  3456  11511  14967   5248  2085  1145      4524  4578  26210  13528  13188  9787   310    85
2066  MALONMO01      Moses        Malone    N  1329    45071  27409  6731   9481  16212   1796  1089  1732      3804  3076  19225   9435  11090  8531    80     8
2080  MARAVPE02       Pete      Maravich    N   658    24316  15948   426   1421   2747   3563   587   108       530  1865  14025   6187   4344  3564    15    10
2082  MARBUST01    Stephon       Marbury    N   665    25734  13689   444   1597   2041   5498   857   102      2126  1595  11222   4876   3963  3136  2500   801
2123  MAXWEVE01     Vernon       Maxwell    N   855    24309  10912   378   1822   2200   2912   975   152      1663  1766   9878   3932   2446  1792  3931  1256
2134  MCADOBO01        Bob        Mcadoo    N   852    28327  18787  1818   5502   8048   1951   751  1147      1223  2726  14751   7420   5229  3944    37     3
2181  MCGRATR01      Tracy       Mcgrady    N   565    19556  12423   952   2646   3598   2455   778   622      1268  1132  10150   4506   3585  2720  1986   691
2187  MCHALKE01      Kevin        Mchale    N   971    30118  17335  2358   4764   7122   1670   344  1690      1893  2758  12334   6830   4554  3634   157    41
2208  MCMILNA01       Nate      Mcmillan    N   796    20462   4733   919   2303   3222   4893  1544   356      1486  2407   4136   1833   1183   769   870   298
2275  MILLERE01     Reggie        Miller    N  1389    47622  25279   873   3309   4182   4141  1505   299      2409  2730  17499   8241   7026  6237  6486  2560
2308  MONROEA01       Earl        Monroe    N   926    29636  17454   260    976   2796   3594   473   121       305  2416  14898   6906   4513  3642     0     0
2345  MOURNAL01     Alonzo      Mourning    N   671    22706  12992  1757   4579   6336    910   384  1963      1975  2358   8866   4638   5254  3694    88    22
2351  MULLICH01      Chris        Mullin    N   986    32162  17911  1026   3008   4034   3450  1530   549      2315  2050  13243   6740   4178  3616  2120   815
2360  MURPHCA01     Calvin        Murphy    N  1002    30607  17949   499    952   2103   4402  1165    51       822  3250  15030   7247   3864  3445    72    10
2375  MUTOMDI01    Dikembe       Mutombo    N  1009    33829  11196  3296   8037  11333   1218   444  3099      2077  3033   7704   3986   4728  3224     2     0
2385  NANCELA01      Larry         Nance    N   920    30697  15687  2299   5053   7352   2393   872  2027      1711  2703  11664   6370   3892  2939    55     8
2426  NEWMAJO01     Johnny        Newman    N  1159    28435  12740   941   1595   2536   1688  1064   246      1656  3199   9671   4456   3984  3228  1786   600
2437  NIXONNO01       Norm         Nixon    N   768    27250  12065   473   1518   1991   6386  1187    71      2368  1983  10805   5219   1978  1527   340   100
2457  NOWITDI01       Dirk      Nowitzki    N   522    18961  11106   569   3852   4421   1295   554   578       978  1469   8203   3800   3209  2748  2022   758
2460  OAKLECH01    Charles        Oakley    N  1282    40282  12417  3887   8318  12205   3217  1351   386      2785  4421  10263   4835   3522  2679   269    68
2482  OLAJUHA01     Hakeem      Olajuwon    N  1238    44223  26946  3987   9760  13747   3058  2162  3830      3667  4383  20991  10749   7621  5423   124    25
2500   ONEASH01  Shaquille        O'neal    N   882    32982  23583  3296   7245  10541   2509   596  2273      2537  3007  16115   9328   9274  4926    21     1
2547  PARISRO01     Robert        Parish    N  1611    45712  23334  4598  10117  14715   2180  1219  2361      3183  4443  17914   9614   5694  4106     6     0
2583  PAYTOGA01       Gary        Payton    N  1186    43314  20829  1228   3676   4904   8506  2331   272      2862  2931  17785   8334   4297  3127  3217  1034
2600  PERKISA01        Sam       Perkins    N  1286    36598  15324  2324   5337   7661   1975  1105   933      1586  3177  11984   5498   4292  3479  2348   849
2607  PERSOCH01      Chuck        Person    N   943    28941  13858  1162   3601   4763   2645   683   197      1952  2565  12176   5576   2056  1486  3370  1220
2619  PETTIBO01        Bob        Pettit    N   792    30690  20880     0      0  12849   2369     0     0         0  2529  16872   7349   8119  6182     0     0
2633  PIERCPA01       Paul        Pierce    N   526    19795  12086   573   2859   3432   1957   929   420      1615  1580   9169   3985   4078  3238  2455   878
2642  PIPPESC01    Scottie        Pippen    N  1178    41069  18940  2007   5487   7494   6135  2307   947      3257  3329  15700   7420   4437  3122  3002   978
2651  POLYNOL01      Olden      Polynice    N  1058    24885   8265  2730   4380   7110    744   516   652      1170  2835   7037   3557   2141  1146    26     5
2660  PORTETE01      Terry        Porter    N  1274    35356  15586   709   3163   3872   7160  1583   179      2666  2203  11734   5428   4107  3433  3360  1297
2676  PRICEMA01       Mark         Price    N   722    21561  10989   409   1439   1848   4863   860    76      1789   964   8345   3939   2362  2135  2428   976
2764   RICEGL01       Glen          Rice    N  1000    34985  18336   946   3441   4387   2097   958   265      1733  2361  14867   6776   3813  3225  3896  1559
2771  RICHMMI01      Mitch      Richmond    N   976    34316  20497   871   2930   3801   3398  1211   254      2579  2503  16038   7305   5365  4561  3418  1326
2792  RIVERDO01        Doc        Rivers    N   864    23568   9377   634   1991   2625   4889  1563   351      1651  2660   7416   3295   3093  2426  1101   361
2795  ROBERAL01      Alvin     Robertson    N   779    24669  10882  1621   2445   4066   3930  2111   323      2116  2639   9245   4412   2451  1822   800   236
2803  ROBEROS01      Oscar     Robertson    N  1040    43886  26710    71    208   7804   9887    77     4         0  2931  19620   9508   9185  7694     0     0
2814  ROBINCL02   Clifford      Robinson    N  1250    39743  18838  1716   4201   5917   2954  1346  1327      2410  3872  16144   7089   5050  3492  3274  1168
2815  ROBINDA01      David      Robinson    N   987    34269  20790  2947   7550  10497   2441  1387  2954      2417  2836  14221   7365   8201  6035   100    25
2819  ROBINGL01      Glenn      Robinson    N   688    25343  14232   973   3215   4188   1879   826   389      2147  1847  12128   5570   3016  2472  1823   620
2838  RODGEGU01        Guy       Rodgers    N   892    28663  10415     0      0   3791   6917     0     0         0  2630  10908   4125   3003  2165     0     0
2839  RODMADE01     Dennis        Rodman    N   911    28839   6683  4329   7625  11954   1600   611   531      1484  2843   5310   2766   1832  1069   355    82
2852  ROLLITR01       Tree       Rollins    N  1156    24028   6249  2148   4602   6750    660   512  2542      1057  3377   4963   2592   1522  1065     7     0
2869  ROUNDDA01        Dan    Roundfield    N   746    23443  11318  2445   4798   7243   1620   664  1117      1806  2561   8852   4289   3702  2733    61     7
2894  RUSSEBI01       Bill       Russell    N   963    40726  14522     0      0  21620   4100     0     0         0  2592  12930   5687   5614  3148     0     0
2943  SCHAYDO01      Dolph       Schayes    N   996    29800  18438     0      0  11256   3072     0     0         0  3432  15427   5863   7904  6712     0     0
2956  SCHREDE01     Detlef      Schrempf    N  1136    33597  15761  1871   5151   7022   3833   856   312      2268  3361  10995   5400   5585  4486  1236   475
2964  SCOTTBY01      Byron         Scott    N  1073    30154  15097   677   2310   2987   2729  1224   276      1597  2051  12268   5918   2985  2486  2093   775
3031  SIKMAJA01       Jack         Sikma    N  1107    36943  17287  2542   8274  10816   3488  1162  1048      2586  3879  13792   6396   5053  4292   618   203
3034  SILASPA01       Paul         Silas    N  1254    34989  11782  2035   3213  12357   2572   358   138       333  3105   9949   4293   4748  3196     0     0
3103  SMITHLA01      Larry         Smith    N   883    22879   5904  3401   4724   8125    941   699   457      1280  2966   4743   2519   1630   866     7     0
3112  SMITHRA01      Randy         Smith    N   976    31444  16262   861   1977   3597   4487  1403    57      1158  2556  14218   6676   3705  2893   110    17
3117  SMITHST01      Steve         Smith    N   942    28853  13430  1087   1973   3060   2922   725   275      1714  2278  10485   4609   3625  3064  3208  1148
3155  SPREWLA01    Latrell      Sprewell    N   913    35273  16712   727   2997   3724   3664  1294   398      2452  1690  14294   6076   4298  3456  3272  1104
3159  STACKJE01      Jerry    Stackhouse    N   664    23784  13570   731   1725   2456   2614   711   388      2203  1446  10739   4400   4946  4032  2446   738
3167  STARKJO01       John        Starks    N   866    23515  10829   409   1719   2128   3085   951   106      1533  2293   9589   3953   2211  1701  3590  1222
3190  STOCKJO01       John      Stockton    N  1504    47765  19711   922   3128   4050  15806  3265   315      4243  3942  13658   7039   5796  4788  2202   845
3200  STOUDDA01      Damon    Stoudamire    N   729    25708  10662   563   2124   2687   4779   858    76      1802  1485   9601   3924   2065  1723  3036  1091
3207  STRICRO01        Rod    Strickland    N  1094    33638  14463  1128   2956   4084   7987  1616   215      2862  2048  11928   5418   4759  3432   691   195
3274  THEUSRE01     Reggie         Theus    N  1026    34603  19015  1182   2167   3349   6453  1206   236      3493  3008  14973   7057   5644  4663   945   238
3285  THOMAIS01      Isiah        Thomas    N   979    35516  18822   951   2527   3478   9061  1861   249      3682  2971  15904   7194   5316  4036  1373   398
3309  THOMPMY01     Mychal      Thompson    N   935    27764  12810  2229   4722   6951   2141   701  1073      2104  2692  10306   5191   3707  2427    12     1
3316  THORPOT01       Otis        Thorpe    N  1257    39822  17600  3446   6924  10370   2730   840   501      2774  4146  12593   6872   5612  3853    64     3
3318  THURMNA01       Nate      Thurmond    N   964    35875  14437   744   1827  14464   2575   125   553         0  2624  13105   5521   5089  3395     0     0
3385  TWYMAJA01       Jack        Twyman    N   823    26147  15840     0      0   5424   1861     0     0         0  2782  13873   6237   4325  3366     0     0
3391  UNSELWE01        Wes        Unseld    N   984    35832  10624  2085   4974  13769   3822   628   367       579  2762   8586   4369   2976  1883     6     3
3405  VANDEKI01       Kiki    Vandeweghe    N   810    24521  15980   893   1892   2785   1668   468   243      1310  1560  11699   6139   3997  3484   592   218
3407  VANEXNI01       Nick      Van Exel    N   815    27985  12303   351   2103   2454   5654   710    90      1793  1320  11114   4500   2300  1830  4116  1473
3451  WALKEAN01    Antoine        Walker    N   687    26618  13621  1560   4403   5963   2829   957   414      2167  2076  12760   5294   3003  1929  3388  1104
3454  WALKECH01       Chet        Walker    N  1032    33433  18831   245    593   7314   2126   117    10         0  2727  14628   6876   6384  5079     0     0
3517  WEBBECH01      Chris        Webber    N   686    26003  14945  1831   5084   6915   3064  1030  1091      2013  2320  12932   6271   3386  2164   795   239
3541  WESLEDA01      David        Wesley    N   843    27547  11067   468   1724   2192   3918  1209   151      1671  2066   9387   4000   2612  2052  2742  1015
3547   WESTJE01      Jerry          West    N   932    36571  25192    30     86   5376   6238    81    23         0  2435  19032   9016   8801  7160     0     0
3592  WILKELE01      Lenny       Wilkens    N  1077    38064  17772   118    279   5030   7211   174    26         0  3285  14327   6189   6973  5394     0     0
3595  WILKIDO01  Dominique       Wilkins    N  1074    38113  26668  2950   4219   7169   2677  1378   642      2669  2061  21589   9963   7438  6031  2231   711
3609  WILLIBU01       Buck      Williams    N  1307    42464  16784  4526   8492  13018   1646  1080  1100      2786  4267  11661   6404   5979  3971    30     5
3624  WILLIGU01        Gus      Williams    N   825    25645  14093   818   1404   2222   4597  1638   291      1646  1637  12570   5793   3173  2399   454   108
3627  WILLIHE01       Herb      Williams    N  1102    28484  11944  1624   4885   6509   1856   605  1605      1929  2876  10781   5037   2675  1862    84     8
3630  WILLIJA02      Jason      Williams    N   492    15565   5739   129   1115   1244   3345   675    45      1247   765   5481   2140    782   619  2667   840
3636  WILLIKE01      Kevin        Willis    N  1419    38317  17241  4088   7805  11893   1327   956   750      2518  4161  14559   7090   4236  3021   190    40
3721  WORTHJA01      James        Worthy    N   926    30001  16320  1561   3147   4708   2791  1041   624      1859  1975  13204   6878   3184  2447   486   117          ilkid  firstname      lastname leag    gp  minutes    pts  oreb   dreb    reb   asts   stl   blk  turnover    pf    fga    fgm    fta   ftm   tpa   tpm
1     ABDULKA01     Kareem  Abdul-jabbar    N  1560    57446  38387  2975   9394  17440   5660  1160  3189      2527  4657  28307  15837   9304  6712    18     1
4     ABDURSH01    Shareef   Abdur-rahim    N   672    24862  13338  1498   3976   5474   1847   718   556      1911  1845  10215   4789   4427  3614   477   146
11    ADAMSAL01      Alvan         Adams    N   988    27203  13910  2015   4922   6937   4012  1289   808      2194  3214  11464   5709   3160  2490    15     2
14    ADAMSMI01    Michael         Adams    N   653    20446   9621   416   1484   1900   4209  1081    67      1402  1193   7849   3257   2543  2158  2857   949
17    AGUIRMA01       Mark       Aguirre    N   923    27730  18458  1704   2874   4578   2871   687   296      2306  2599  14865   7201   4944  3664  1258   392
18    AINGEDA01      Danny         Ainge    N  1042    27755  11964   695   2073   2768   4199  1133   132      1566  2549   9905   4643   1980  1676  2651  1002
36    ALLENRA02        Ray         Allen    N   657    24358  13545   728   2327   3055   2587   818   116      1604  1634  10639   4741   2914  2577  3742  1486
59    ANDERKE02      Kenny      Anderson    N   858    25870  10789   623   2018   2641   5196  1259   112      1768  1974   9512   4002   2833  2238  1580   547
62    ANDERNI01       Nick      Anderson    N   800    24922  11529  1011   3053   4064   2087  1114   364      1358  1502   9891   4416   2461  1642  2964  1055
75    ARCHINA01       Nate     Archibald    N   876    31159  16481   344   1015   2046   6476   719    81      1123  2002  12628   5899   5760  4664    85    19
81    ARIZIPA01       Paul        Arizin    N   713    24897  16266     0      0   6129   1665     0     0         0  2764  13354   5628   6189  5010     0     0
86    ARMSTDA01    Darrell     Armstrong    N   647    17470   7002   534   1452   1986   3044  1008    87      1381  1172   5891   2424   1514  1337  2432   817
142   BARKLCH01    Charles       Barkley    N  1073    39330  23757  4260   8286  12546   4215  1648   888      3376  3287  15605   8435   8643  6349  2020   538
145   BARNEDI01       Dick       Barnett    N   971    28937  15358     1      3   2812   2729     1     0         0  2514  13227   6034   4324  3290     0     0
169   BARRYRI01       Rick         Barry    N   794    28825  18395   510   2366   5168   4017  1104   269       574  2264  16163   7252   4243  3818   221    73
189   BAYLOEL01      Elgin        Baylor    N   846    33863  23149     0      0  11463   3650     0     0         0  2596  20171   8693   7391  5763     0     0
212   BELLAWA01       Walt       Bellamy    N  1043    38940  20941   264    481  14241   2544    52    48         0  3536  15340   7914   8088  5113     0     0
250    BINGDA01       Dave          Bing    N   901    32769  18327   418    741   3420   5397   483    89       216  2615  15769   6962   5683  4403     0     0
253    BIRDLA01      Larry          Bird    N   897    34443  21791  1757   7217   8974   5695  1556   755      2816  2279  17334   8591   4471  3960  1727   649
263   BLACKRO01    Rolando      Blackman    N   980    32087  17623  1047   2231   3278   2981   715   274      1829  1634  13969   6887   4309  3620   667   229
269   BLAYLMO01     Mookie      Blaylock    N   889    31026  11962  1016   2643   3659   5972  2073   300      2067  1687  11499   4705   1724  1269  3816  1283
368   BRIDGBI01       Bill       Bridges    N   926    30878  11012   257    376  11054   2553    69    36         0  3375   9463   4181   3824  2650     0     0
408   BROWNPJ01       P.j.         Brown    N   924    29775   8718  2471   4971   7442   1513   837  1006      1157  2786   7323   3399   2412  1912    56     8
424   BRYANKO01       Kobe        Bryant    N   627    21964  14034   725   2484   3209   2788   912   400      1780  1674  10830   4890   4374  3635  1861   619
479    CAGEMI01    Michael          Cage    N  1140    29716   8278  3227   5419   8646   1057  1050   725      1161  2581   6445   3317   2476  1644    25     0
495   CAMPBEL01      Elden      Campbell    N  1045    25776  10805  1775   4341   6116   1199   702  1602      1378  3006   8835   4062   3832  2679    37     2
533   CARTWBI01       Bill    Cartwright    N   963    27491  12713  1812   4294   6106   1390   460   668      1892  2833   8868   4656   4412  3401     2     0
537   CASSESA01        Sam       Cassell    N   802    24478  12960   491   2140   2631   4964   919   138      2045  2295  10290   4711   3483  2991  1654   547
553   CHAMBTO01        Tom      Chambers    N  1107    33922  20049  1942   4761   6703   2283   885   627      2549  3742  15749   7378   6274  5066   740   227
554   CHAMBWI01       Wilt   Chamberlain    N  1045    47859  31419     0      0  23924   4643     0     0         0  2075  23497  12681  11862  6057     0     0
567   CHEEKMA01    Maurice        Cheeks    N  1101    34845  12195   713   2375   3088   7392  2310   294      2268  2258   9374   4906   2938  2331   204    52
580   CHRISDO01       Doug      Christie    N   813    25807   9262   749   2609   3358   2970  1543   389      1710  2030   7561   3224   2445  2010  2265   804
604   COLEMDE01    Derrick       Coleman    N   781    25905  12884  1972   5260   7232   1985   606  1051      2036  2062  10333   4616   4326  3326  1105   326
664   COUSYBO01        Bob         Cousy    N   924    30165  16960     0      0   4786   6955     0     0         0  2242  16468   6168   5756  4624     0     0
665   COWENDA01       Dave        Cowens    N   766    29565  13516  1574   5122  10444   2910   599   488       543  2920  12499   5744   2590  2027    14     1
694   CUMMITE01      Terry      Cummings    N  1183    33898  19460  3183   5447   8630   2190  1255   650      2200  3836  16628   8045   4711  3326   149    44
705   CURRYDE01       Dell         Curry    N  1083    23548  12670   579   2038   2617   1909   985   238      1299  1795  11146   5090   1476  1245  3098  1245
715   DAMPILO01        Lou       Dampier    A   728    27770  13726     0    571   2282   4044   236   117      1337  1633  12047   5290   2849  2352  2217   794
717   DANDRBO01        Bob     Dandridge    N   839    29502  15530   908   2337   5715   2846   661   303       630  2940  13317   6445   3382  2638    12     2
725   DANTLAD01     Adrian       Dantley    N   955    34151  23177  2207   3248   5455   2830   944   150      2503  2550  15121   8169   8351  6832    41     7
749   DAVISDA01       Dale         Davis    N  1020    28966   8597  3039   5376   8415    960   681  1227      1071  2796   6681   3550   2667  1497     7     0
774   DAVISWA03     Walter         Davis    N  1033    28859  19521   889   2164   3053   3878  1280   133      2541  2454  15871   8118   3676  3128   577   157
785   DEBUSDA01       Dave   Debusschere    N   875    31202  14053   134    623   9618   2497    67    39         0  2801  13249   5722   3730  2609     0     0
836   DIVACVL01      Vlade         Divac    N  1134    33824  13398  2750   6576   9326   3541  1288  1631      2470  3609  10510   5205   4176  2888   426   100
863    DREWJO01       John          Drew    N   739    21828  15291  2158   2930   5088   1224  1004   193      1402  2641  11658   5481   5774  4319    57    10
865   DREXLCL01      Clyde       Drexler    N  1086    37537  22195  2615   4062   6677   6125  2207   719      2977  3285  17673   8335   5962  4698  2603   827
880   DUMARJO01        Joe        Dumars    N  1018    35139  16401   671   1532   2203   4612   902    83      2084  1826  13026   5994   4059  3423  2592   990
885   DUNCATI01        Tim        Duncan    N   586    22456  13204  1726   5413   7139   1839   459  1488      1730  1614   9938   5041   4483  3101   108    21
905   EATONMA01       Mark         Eaton    N   875    25169   5216  1857   5082   6939    840   368  3064      1293  2955   4526   2072   1653  1072     2     0
923   EDWARJA01      James       Edwards    N  1168    28356  14862  1804   4200   6004   1499   420   867      1931  4042  11724   5802   4666  3257    21     1
942   ELLISDA01       Dale         Ellis    N  1209    34778  19002  1533   2668   4201   1746   974   183      1771  2480  15275   7322   3365  2639  4269  1719
961   ENGLIAL01       Alex       English    N  1193    38063  25613  2778   3760   6538   4351  1067   833      2821  3027  21036  10659   5141  4277    83    18
971   ERVINJU01     Julius        Erving    N   836    28677  18364  2067   3534   5601   3224  1508  1293      2323  2286  14276   7237   4950  3844   176    46
982   EWINGPA01    Patrick         Ewing    N  1183    40597  24815  2720   8886  11606   2215  1136  2894      3535  4034  19241   9702   7289  5392   125    19
1017  FINLEMI01    Michael        Finley    N   735    28886  13974   937   2802   3739   2750   851   267      1383  1431  12103   5440   2662  2149  2557   945
1031  FLOYDSL01     Sleepy         Floyd    N   957    26383  12260   626   1868   2494   5175  1120   215      2251  1972  10015   4448   3493  2846  1599   518
1063    FOXRI01       Rick           Fox    N   930    23722   8966   929   2588   3517   2649   967   355      1611  2739   7519   3382   1858  1431  2210   771
1071  FRAZIWA01       Walt       Frazier    N   825    30965  15581   403   1523   4830   5040   681    59       139  2180  12516   6130   4226  3321     1     0
1079   FREEWO01      World          Free    N   886    26893  17955  1008   1422   2430   3319   910   223      1869  2270  14294   6512   6264  4718   632   213
1122  GARNEKE01      Kevin       Garnett    N   775    29583  15681  2007   6594   8601   3525  1089  1343      2002  1965  12882   6311   3794  2915   481   144
1148  GERVIGE01     George        Gervin    N   791    26536  20708  1186   2421   3607   2214   941   670      2137  2331  15747   8045   5383  4541   259    77
1162   GILLKE01    Kendall          Gill    N   966    29482  12914  1250   2752   4002   2945  1519   432      1734  2514  11672   5068   3267  2463  1051   315
1164  GILMOAR01      Artis       Gilmore    N   909    29685  15579  2639   6522   9161   1777   470  1747      2347  2986   9570   5732   5768  4114    13     1
1185  GOODRGA01       Gail      Goodrich    N  1031    33527  19181   453    651   3279   4805   545    72       390  2775  16300   7431   5354  4319     0     0
1209  GRANTHO01     Horace         Grant    N  1165    38623  12996  3362   6081   9443   2575  1143  1136      1303  2832  10695   5439   3053  2114    63     4
1227  GREENAC01       A.c.         Green    N  1278    36555  12331  3354   6119   9473   1400  1033   545      1434  2436   9202   4544   4250  3119   489   124
1230  GREENJO01     Johnny         Green    N  1057    24624  12281     0      0   9083   1449     0     0         0  2856  10091   4973   4226  2335     0     0
1248  GREERHA01        Hal         Greer    N  1122    39788  21586     0      0   5665   4540     0     0         0  3855  18811   8504   5717  4578     0     0
1273  GUERIRI01     Richie        Guerin    N   848    27449  14676     0      0   4278   4211     0     0         0  2769  12451   5174   5549  4328     0     0
1335  HARDATI01        Tim      Hardaway    N   867    30623  15373   536   2319   2855   7095  1428   129      2481  2027  13076   5640   3263  2551  4345  1542
1348  HARPEDE01      Derek        Harper    N  1199    37783  15997   696   2189   2885   6571  1958   304      2338  2755  13379   6187   3426  2554  3023  1069
1350  HARPERO01        Ron        Harper    N  1009    31199  13910  1322   2987   4309   3916  1716   729      2251  2324  11946   5326   3799  2735  1811   523
1379  HAVLIJO01       John      Havlicek    N  1270    46471  26395   610   1389   8007   6114   476   117       204  3281  23930  10513   6589  5369     0     0
1383  HAWKIHE01     Hersey       Hawkins    N   983    32038  14468   825   2729   3554   2860  1622   302      1828  2044  10612   4889   3983  3464  3108  1226
1390  HAYESEL01      Elvin         Hayes    N  1303    50000  27313  2778   6973  16279   2398   864  1771      1358  4193  24272  10976   7999  5356    34     5
1496  HORNAJE01       Jeff      Hornacek    N  1077    33964  15659   919   2727   3646   5281  1536   226      1971  2364  11957   5929   3390  2973  2055   828
1499  HORRYRO01     Robert         Horry    N   931    24178   7014  1377   3312   4689   2140  1049   923      1271  2405   5981   2580   1600  1180  1966   674
1504  HOUSTAL01      Allan       Houston    N   839    28308  14551   326   2108   2434   1990   566   139      1760  2062  12017   5337   2979  2572  3247  1305
1515  HOWELBA01     Bailey        Howell    N   950    30627  17770     0      0   9383   1853     0     0         0  3498  13585   6515   6224  4740     0     0
1518  HUDSOLO01        Lou        Hudson    N   890    29794  17940   436    718   3926   2432   516    98       249  2439  15129   7392   3960  3156     0     0
1536  HUNTELI01    Lindsey        Hunter    N   790    21550   7469   400   1495   1895   2272  1033   154      1068  1687   7143   2785   1208   897  2735  1002
1556  ISSELDA01        Dan         Issel    N   718    22342  14659  1686   4021   5707   1804   698   396      1281  2022  10711   5424   4756  3792    75    19
1558  IVERSAL01      Allen       Iverson    N   610    25338  16738   554   1920   2474   3643  1453   121      2291  1318  14065   5875   5454  4195  2564   793
1568  JACKSJI01        Jim       Jackson    N   845    28556  12569  1139   2937   4076   2816   714   182      2144  1921  11087   4764   2638  2178  2339   863
1571  JACKSMA01       Mark       Jackson    N  1296    39124  12489  1112   3851   4963  10323  1608   117      3154  2230  10731   4793   2818  2169  2213   734
1628  JOHNSDE01     Dennis       Johnson    N  1100    35954  15535  1459   2790   4249   5499  1477   675      2448  3087  13100   5832   4754  3791   464    80
1633  JOHNSED03      Eddie       Johnson    N  1199    32604  19202  1786   3046   4832   2550   739   180      2076  2962  16361   7727   3792  3186  1679   562
1648  JOHNSKE01      Kevin       Johnson    N   735    25061  13127   487   1917   2404   6711  1082   175      2258  1541   9160   4512   4691  3943   524   160
1656  JOHNSMA01      Magic       Johnson    N   906    33245  17707  1601   4958   6559  10141  1724   374      3506  2050  11951   6211   5850  4960  1074   325
1658  JOHNSMI01     Mickey       Johnson    N   904    25005  12748  2201   4264   6465   2677  1025   632      2050  3101  10544   4733   4066  3253   176    29
1680  JONESCA01   Caldwell         Jones    N  1068    26474   6589  2042   5621   7663   1347   480  1517      1596  3527   5395   2554   1965  1479    31     2
1690  JONESED01      Eddie         Jones    N   768    27828  12599   633   2623   3256   2457  1395   535      1338  2086   9961   4395   3090  2508  3434  1301
1727  JORDAMI01    Michael        Jordan    N  1072    41012  32292  1640   5032   6672   5633  2514   893      2924  2783  24537  12192   8772  7327  1778   581
1769   KEMPSH01      Shawn          Kemp    N  1051    29291  15347  2953   5881   8834   1704  1185  1279      2724  3840  11278   5505   5805  4304   119    33
1784  KERSEJE01     Jerome        Kersey    N  1153    28115  11825  2330   4009   6339   2134  1439   799      1583  3454  10166   4723   3364  2321   288    58
1791   KIDDJA01      Jason          Kidd    N   786    29459  11617  1121   3952   5073   7283  1625   234      2606  1467  10385   4172   2958  2300  2957   973
1802   KINGBE01    Bernard          King    N   874    29417  19655  1704   3356   5060   2863   866   230      2791  2885  15109   7830   5444  3972   134    23
1886  LACEYSA01        Sam         Lacey    N  1002    31873  10303  1647   5226   9687   3754   999  1160       978  3473   9693   4276   2369  1748    16     3
1894  LAIMBBI01       Bill      Laimbeer    N  1068    33956  13790  2819   7581  10400   2184   710   965      1594  3633  11198   5574   2916  2440   619   202
1909  LANIEBO01        Bob        Lanier    N   959    32103  19248  1843   4853   9698   3007   777  1100      1112  3048  15092   7761   4858  3724    13     2
2002   LONGGR01      Grant          Long    N  1003    28514   9518  2145   4009   6154   1716  1199   366      1628  2957   7440   3472   3272  2491   293    83
2020  LUCASJE01      Jerry         Lucas    N   829    32131  14053    62    312  12942   2732    28    24         0  2387  11441   5709   3365  2635     0     0
2021  LUCASJO01       John         Lucas    N   928    25556   9951   490   1661   2151   6454  1273    73      1803  1691   8696   3905   2446  1897   806   244
2023  LUCASMA01    Maurice         Lucas    N   855    24787  12339  2119   5401   7520   1987   639   538      1810  2865  10297   4870   3399  2595    36     4
2059  MAHORRI01       Rick        Mahorn    N  1117    25779   7763  1814   5143   6957   1082   633  1006      1456  3499   6286   3098   2218  1562    38     5
2060  MAJERDA01        Dan       Majerle    N   955    30209  10925  1103   3162   4265   2755  1194   360      1116  1927   9171   3950   2246  1665  3798  1360
2062  MALONJE01       Jeff        Malone    N   905    29660  17231   572   1792   2364   2154   577   100      1538  1695  14674   7099   3383  2947   321    86
2063  MALONKA01       Karl        Malone    N  1476    54852  36928  3456  11511  14967   5248  2085  1145      4524  4578  26210  13528  13188  9787   310    85
2066  MALONMO01      Moses        Malone    N  1329    45071  27409  6731   9481  16212   1796  1089  1732      3804  3076  19225   9435  11090  8531    80     8
2080  MARAVPE02       Pete      Maravich    N   658    24316  15948   426   1421   2747   3563   587   108       530  1865  14025   6187   4344  3564    15    10
2082  MARBUST01    Stephon       Marbury    N   665    25734  13689   444   1597   2041   5498   857   102      2126  1595  11222   4876   3963  3136  2500   801
2123  MAXWEVE01     Vernon       Maxwell    N   855    24309  10912   378   1822   2200   2912   975   152      1663  1766   9878   3932   2446  1792  3931  1256
2134  MCADOBO01        Bob        Mcadoo    N   852    28327  18787  1818   5502   8048   1951   751  1147      1223  2726  14751   7420   5229  3944    37     3
2181  MCGRATR01      Tracy       Mcgrady    N   565    19556  12423   952   2646   3598   2455   778   622      1268  1132  10150   4506   3585  2720  1986   691
2187  MCHALKE01      Kevin        Mchale    N   971    30118  17335  2358   4764   7122   1670   344  1690      1893  2758  12334   6830   4554  3634   157    41
2208  MCMILNA01       Nate      Mcmillan    N   796    20462   4733   919   2303   3222   4893  1544   356      1486  2407   4136   1833   1183   769   870   298
2275  MILLERE01     Reggie        Miller    N  1389    47622  25279   873   3309   4182   4141  1505   299      2409  2730  17499   8241   7026  6237  6486  2560
2308  MONROEA01       Earl        Monroe    N   926    29636  17454   260    976   2796   3594   473   121       305  2416  14898   6906   4513  3642     0     0
2345  MOURNAL01     Alonzo      Mourning    N   671    22706  12992  1757   4579   6336    910   384  1963      1975  2358   8866   4638   5254  3694    88    22
2351  MULLICH01      Chris        Mullin    N   986    32162  17911  1026   3008   4034   3450  1530   549      2315  2050  13243   6740   4178  3616  2120   815
2360  MURPHCA01     Calvin        Murphy    N  1002    30607  17949   499    952   2103   4402  1165    51       822  3250  15030   7247   3864  3445    72    10
2375  MUTOMDI01    Dikembe       Mutombo    N  1009    33829  11196  3296   8037  11333   1218   444  3099      2077  3033   7704   3986   4728  3224     2     0
2385  NANCELA01      Larry         Nance    N   920    30697  15687  2299   5053   7352   2393   872  2027      1711  2703  11664   6370   3892  2939    55     8
2426  NEWMAJO01     Johnny        Newman    N  1159    28435  12740   941   1595   2536   1688  1064   246      1656  3199   9671   4456   3984  3228  1786   600
2437  NIXONNO01       Norm         Nixon    N   768    27250  12065   473   1518   1991   6386  1187    71      2368  1983  10805   5219   1978  1527   340   100
2457  NOWITDI01       Dirk      Nowitzki    N   522    18961  11106   569   3852   4421   1295   554   578       978  1469   8203   3800   3209  2748  2022   758
2460  OAKLECH01    Charles        Oakley    N  1282    40282  12417  3887   8318  12205   3217  1351   386      2785  4421  10263   4835   3522  2679   269    68
2482  OLAJUHA01     Hakeem      Olajuwon    N  1238    44223  26946  3987   9760  13747   3058  2162  3830      3667  4383  20991  10749   7621  5423   124    25
2500   ONEASH01  Shaquille        O'neal    N   882    32982  23583  3296   7245  10541   2509   596  2273      2537  3007  16115   9328   9274  4926    21     1
2547  PARISRO01     Robert        Parish    N  1611    45712  23334  4598  10117  14715   2180  1219  2361      3183  4443  17914   9614   5694  4106     6     0
2583  PAYTOGA01       Gary        Payton    N  1186    43314  20829  1228   3676   4904   8506  2331   272      2862  2931  17785   8334   4297  3127  3217  1034
2600  PERKISA01        Sam       Perkins    N  1286    36598  15324  2324   5337   7661   1975  1105   933      1586  3177  11984   5498   4292  3479  2348   849
2607  PERSOCH01      Chuck        Person    N   943    28941  13858  1162   3601   4763   2645   683   197      1952  2565  12176   5576   2056  1486  3370  1220
2619  PETTIBO01        Bob        Pettit    N   792    30690  20880     0      0  12849   2369     0     0         0  2529  16872   7349   8119  6182     0     0
2633  PIERCPA01       Paul        Pierce    N   526    19795  12086   573   2859   3432   1957   929   420      1615  1580   9169   3985   4078  3238  2455   878
2642  PIPPESC01    Scottie        Pippen    N  1178    41069  18940  2007   5487   7494   6135  2307   947      3257  3329  15700   7420   4437  3122  3002   978
2651  POLYNOL01      Olden      Polynice    N  1058    24885   8265  2730   4380   7110    744   516   652      1170  2835   7037   3557   2141  1146    26     5
2660  PORTETE01      Terry        Porter    N  1274    35356  15586   709   3163   3872   7160  1583   179      2666  2203  11734   5428   4107  3433  3360  1297
2676  PRICEMA01       Mark         Price    N   722    21561  10989   409   1439   1848   4863   860    76      1789   964   8345   3939   2362  2135  2428   976
2764   RICEGL01       Glen          Rice    N  1000    34985  18336   946   3441   4387   2097   958   265      1733  2361  14867   6776   3813  3225  3896  1559
2771  RICHMMI01      Mitch      Richmond    N   976    34316  20497   871   2930   3801   3398  1211   254      2579  2503  16038   7305   5365  4561  3418  1326
2792  RIVERDO01        Doc        Rivers    N   864    23568   9377   634   1991   2625   4889  1563   351      1651  2660   7416   3295   3093  2426  1101   361
2795  ROBERAL01      Alvin     Robertson    N   779    24669  10882  1621   2445   4066   3930  2111   323      2116  2639   9245   4412   2451  1822   800   236
2803  ROBEROS01      Oscar     Robertson    N  1040    43886  26710    71    208   7804   9887    77     4         0  2931  19620   9508   9185  7694     0     0
2814  ROBINCL02   Clifford      Robinson    N  1250    39743  18838  1716   4201   5917   2954  1346  1327      2410  3872  16144   7089   5050  3492  3274  1168
2815  ROBINDA01      David      Robinson    N   987    34269  20790  2947   7550  10497   2441  1387  2954      2417  2836  14221   7365   8201  6035   100    25
2819  ROBINGL01      Glenn      Robinson    N   688    25343  14232   973   3215   4188   1879   826   389      2147  1847  12128   5570   3016  2472  1823   620
2838  RODGEGU01        Guy       Rodgers    N   892    28663  10415     0      0   3791   6917     0     0         0  2630  10908   4125   3003  2165     0     0
2839  RODMADE01     Dennis        Rodman    N   911    28839   6683  4329   7625  11954   1600   611   531      1484  2843   5310   2766   1832  1069   355    82
2852  ROLLITR01       Tree       Rollins    N  1156    24028   6249  2148   4602   6750    660   512  2542      1057  3377   4963   2592   1522  1065     7     0
2869  ROUNDDA01        Dan    Roundfield    N   746    23443  11318  2445   4798   7243   1620   664  1117      1806  2561   8852   4289   3702  2733    61     7
2894  RUSSEBI01       Bill       Russell    N   963    40726  14522     0      0  21620   4100     0     0         0  2592  12930   5687   5614  3148     0     0
2943  SCHAYDO01      Dolph       Schayes    N   996    29800  18438     0      0  11256   3072     0     0         0  3432  15427   5863   7904  6712     0     0
2956  SCHREDE01     Detlef      Schrempf    N  1136    33597  15761  1871   5151   7022   3833   856   312      2268  3361  10995   5400   5585  4486  1236   475
2964  SCOTTBY01      Byron         Scott    N  1073    30154  15097   677   2310   2987   2729  1224   276      1597  2051  12268   5918   2985  2486  2093   775
3031  SIKMAJA01       Jack         Sikma    N  1107    36943  17287  2542   8274  10816   3488  1162  1048      2586  3879  13792   6396   5053  4292   618   203
3034  SILASPA01       Paul         Silas    N  1254    34989  11782  2035   3213  12357   2572   358   138       333  3105   9949   4293   4748  3196     0     0
3103  SMITHLA01      Larry         Smith    N   883    22879   5904  3401   4724   8125    941   699   457      1280  2966   4743   2519   1630   866     7     0
3112  SMITHRA01      Randy         Smith    N   976    31444  16262   861   1977   3597   4487  1403    57      1158  2556  14218   6676   3705  2893   110    17
3117  SMITHST01      Steve         Smith    N   942    28853  13430  1087   1973   3060   2922   725   275      1714  2278  10485   4609   3625  3064  3208  1148
3155  SPREWLA01    Latrell      Sprewell    N   913    35273  16712   727   2997   3724   3664  1294   398      2452  1690  14294   6076   4298  3456  3272  1104
3159  STACKJE01      Jerry    Stackhouse    N   664    23784  13570   731   1725   2456   2614   711   388      2203  1446  10739   4400   4946  4032  2446   738
3167  STARKJO01       John        Starks    N   866    23515  10829   409   1719   2128   3085   951   106      1533  2293   9589   3953   2211  1701  3590  1222
3190  STOCKJO01       John      Stockton    N  1504    47765  19711   922   3128   4050  15806  3265   315      4243  3942  13658   7039   5796  4788  2202   845
3200  STOUDDA01      Damon    Stoudamire    N   729    25708  10662   563   2124   2687   4779   858    76      1802  1485   9601   3924   2065  1723  3036  1091
3207  STRICRO01        Rod    Strickland    N  1094    33638  14463  1128   2956   4084   7987  1616   215      2862  2048  11928   5418   4759  3432   691   195
3274  THEUSRE01     Reggie         Theus    N  1026    34603  19015  1182   2167   3349   6453  1206   236      3493  3008  14973   7057   5644  4663   945   238
3285  THOMAIS01      Isiah        Thomas    N   979    35516  18822   951   2527   3478   9061  1861   249      3682  2971  15904   7194   5316  4036  1373   398
3309  THOMPMY01     Mychal      Thompson    N   935    27764  12810  2229   4722   6951   2141   701  1073      2104  2692  10306   5191   3707  2427    12     1
3316  THORPOT01       Otis        Thorpe    N  1257    39822  17600  3446   6924  10370   2730   840   501      2774  4146  12593   6872   5612  3853    64     3
3318  THURMNA01       Nate      Thurmond    N   964    35875  14437   744   1827  14464   2575   125   553         0  2624  13105   5521   5089  3395     0     0
3385  TWYMAJA01       Jack        Twyman    N   823    26147  15840     0      0   5424   1861     0     0         0  2782  13873   6237   4325  3366     0     0
3391  UNSELWE01        Wes        Unseld    N   984    35832  10624  2085   4974  13769   3822   628   367       579  2762   8586   4369   2976  1883     6     3
3405  VANDEKI01       Kiki    Vandeweghe    N   810    24521  15980   893   1892   2785   1668   468   243      1310  1560  11699   6139   3997  3484   592   218
3407  VANEXNI01       Nick      Van Exel    N   815    27985  12303   351   2103   2454   5654   710    90      1793  1320  11114   4500   2300  1830  4116  1473
3451  WALKEAN01    Antoine        Walker    N   687    26618  13621  1560   4403   5963   2829   957   414      2167  2076  12760   5294   3003  1929  3388  1104
3454  WALKECH01       Chet        Walker    N  1032    33433  18831   245    593   7314   2126   117    10         0  2727  14628   6876   6384  5079     0     0
3517  WEBBECH01      Chris        Webber    N   686    26003  14945  1831   5084   6915   3064  1030  1091      2013  2320  12932   6271   3386  2164   795   239
3541  WESLEDA01      David        Wesley    N   843    27547  11067   468   1724   2192   3918  1209   151      1671  2066   9387   4000   2612  2052  2742  1015
3547   WESTJE01      Jerry          West    N   932    36571  25192    30     86   5376   6238    81    23         0  2435  19032   9016   8801  7160     0     0
3592  WILKELE01      Lenny       Wilkens    N  1077    38064  17772   118    279   5030   7211   174    26         0  3285  14327   6189   6973  5394     0     0
3595  WILKIDO01  Dominique       Wilkins    N  1074    38113  26668  2950   4219   7169   2677  1378   642      2669  2061  21589   9963   7438  6031  2231   711
3609  WILLIBU01       Buck      Williams    N  1307    42464  16784  4526   8492  13018   1646  1080  1100      2786  4267  11661   6404   5979  3971    30     5
3624  WILLIGU01        Gus      Williams    N   825    25645  14093   818   1404   2222   4597  1638   291      1646  1637  12570   5793   3173  2399   454   108
3627  WILLIHE01       Herb      Williams    N  1102    28484  11944  1624   4885   6509   1856   605  1605      1929  2876  10781   5037   2675  1862    84     8
3630  WILLIJA02      Jason      Williams    N   492    15565   5739   129   1115   1244   3345   675    45      1247   765   5481   2140    782   619  2667   840
3636  WILLIKE01      Kevin        Willis    N  1419    38317  17241  4088   7805  11893   1327   956   750      2518  4161  14559   7090   4236  3021   190    40
3721  WORTHJA01      James        Worthy    N   926    30001  16320  1561   3147   4708   2791  1041   624      1859  1975  13204   6878   3184  2447   486   117