           ilkid  firstname      lastname leag   gp  minutes   pts  dreb  oreb   reb  asts  stl  blk  turnover   pf   fga   fgm   fta   ftm  tpa  tpm
1     ABDULKA01      Kareem  Abdul-jabbar    N  237     8851  5762   833   355  2481   767  150  399       404  787  4422  2356  1419  1050    4    0
13    AGUIRMA01        Mark       Aguirre    N  102     2958  1747   356   181   537   265   71   22       198  281  1435   696   417   310  142   45
14    AINGEDA01       Danny         Ainge    N  193     5038  1902   323   120   443   656  172   19       257  533  1571   717   357   296  432  172
81    BARKLCH01     Charles       Barkley    N  123     4849  2833  1072   510  1582   482  193  108       353  408  1965  1009  1048   751  251   64
107   BAYLOEL01       Elgin        Baylor    N  134     5510  3623     0     0  1725   541    0    0         0  435  3151  1388  1101   847    0    0
139   BILLUCH01    Chauncey       Billups    N   68     2511  1166   202    43   245   383   68   10       153  185   872   350   396   353  333  113
141   BIRDLA01        Larry          Bird    N  164     6886  3897  1323   360  1683  1062  296  145       506  466  3090  1458  1012   901  249   80
148   BLAYLMO01      Mookie      Blaylock    N   54     2161   769   199    67   266   357  116   24       162  102   757   280   123    84  357  125
223   BROWNRO01      Rogera         Brown    A  110     4030  1992     0     0   705   405    0    0         0  391  1590   765   583   462    0    0
230   BRYANKO01        Kobe        Bryant    N  119     4556  2694   439   138   577   528  161   89       319  376  2233   969   802   635  375  121
292   CARTWBI01        Bill    Cartwright    N  124     3496  1100   461   207   668   162   54   57       192  412   866   417   367   266    0    0
293   CASSESA01         Sam       Cassell    N  103     2871  1346   239    47   286   498   89   16       228  337  1086   455   398   340  251   96
301   CHAMBTO01         Tom      Chambers    N  108     3061  1662   431   138   569   183   62   68       208  359  1380   607   509   421   88   27
302   CHAMBWI01        Wilt   Chamberlain    N  160     7559  3607     0     0  3913   673    0    0         0  402  2728  1425  1627   757    0    0
312   CHEEKMA01     Maurice        Cheeks    N  133     4848  1910   317   101   453   922  295   45       289  324  1509   772   466   362   41    4
356   COOPEMI01     Michael        Cooper    N  168     4744  1581   422   152   574   703  203   96       256  474  1244   582   355   293  316  124
364   COUSYBO01         Bob         Cousy    N  109     4125  2018     0     0   546   937    0    0         0  314  2016   689   779   640    0    0
365   COWENDA01        Dave        Cowens    N   89     3768  1684   228    78  1285   333   30   24         8  398  1627   733   293   218    2    0
375   CUMMITE01       Terry      Cummings    N  110     2959  1663   490   252   742   173   98   62       171  353  1351   678   435   307    6    0
391   DANDRBO01         Bob     Dandridge    N   98     3882  1967     0     0   754   365   44   29         0  377  1716   823   422   321    0    0
395   DANIEME01         Mel       Daniels    A  109     3901  1901     0     0  1608   168    0    0         0  433  1648   740   616   421    0    0
402   DAVISAN01     Antonio         Davis    N   93     2647   902   458   228   686    83   57  102       144  310   650   311   414   279    1    1
406   DAVISDA01        Dale         Davis    N  121     3575   890   687   383  1070    85   77  124       148  383   673   363   326   164    2    0
419   DAWKIDA01      Darryl       Dawkins    N  109     2734  1375   304   124   665   119   39  147       169  438   992   542   414   291    7    0
454   DIVACVL01       Vlade         Divac    N  121     3728  1468   606   307   913   286  117  165       260  439  1128   541   510   373   54   13
471   DREXLCL01       Clyde       Drexler    N  145     5572  2963   653   359  1012   891  278  108       397  486  2408  1076   851   670  489  141
481   DUMARJO01         Joe        Dumars    N  112     4097  1752   162    95   257   512   91    6       205  227  1398   646   476   407  148   53
484   DUNCATI01         Tim        Duncan    N  105     4308  2502   989   373  1362   381   69  293       344  317  1845   917   947   665   21    3
531   ERVINJU01      Julius        Erving    N  141     5288  3088   455   250   994   594  194  216       323  403  2441  1187   908   707   36    7
538   EWINGPA01     Patrick         Ewing    N  139     5207  2813  1098   337  1435   275  122  303       345  522  2353  1104   831   597   23    8
556   FISHEDE01       Derek        Fisher    N  117     3027   990   252    42   294   306  113    4       110  266   802   342   219   162  334  144
576   FOXRI01          Rick           Fox    N  111     2527   729   259    94   353   246   84   27       151  320   601   267   136   109  239   86
580   FRAZIWA01        Walt       Frazier    N   93     3953  1927     0     0   666   599    0    0         0  285  1500   767   523   393    0    0
650   GRANTHO01      Horace         Grant    N  170     6172  1907   908   549  1457   360  171  173       184  515  1483   786   468   334    8    1
712   HARDAAN01    Anfernee      Hardaway    N   64     2640  1304   202   101   303   394  119   48       188  197  1018   456   390   291  266  101
713   HARDATI01         Tim      Hardaway    N   56     2052   943   139    33   172   382   88    9       165  122   837   329   233   175  344  110
719   HARPEDE01       Derek        Harper    N   97     3094  1094   177    56   233   513  148   11       167  237   925   415   236   168  263   96
740   HAVLIJO01        John      Havlicek    N  172     6860  3776     0     0  1186   825    0    0         0  527  3329  1451  1046   874    0    0
749   HAYESEL01       Elvin         Hayes    N   96     4160  2194    35    17  1244   185   51  118        10  378  1901   883   656   428    0    0
757   HEINSTO01         Tom      Heinsohn    N  104     3223  2055     0     0   954   215    0    0         0  417  2025   818   568   419    0    0
817   HORNAJE01        Jeff      Hornacek    N  140     4766  2092   391   136   527   525  170   25       231  385  1578   741   551   488  282  122
819   HORRYRO01      Robert         Horry    N  198     6085  1784   848   363  1211   527  255  187       256  622  1429   618   433   311  652  237
855   IVERSAL01       Allen       Iverson    N   62     2823  1899   203    55   258   378  136   13       199  143  1685   677   562   430  345  115
862   JACKSMA01        Mark       Jackson    N  131     3775  1185   364   113   477   904  131    8       292  225  1013   438   273   212  281   97
888   JOHNSDE01      Dennis       Johnson    N  180     7004  3116   405   171   781  1006  247  113       373  575  2661  1167   943   756  109   26
904   JOHNSKE01       Kevin       Johnson    N  105     3879  2026   279    70   349   935  132   30       354  233  1504   705   713   594   90   22
907   JOHNSMA01       Magic       Johnson    N  190     7538  3701  1116   349  1465  2346  358   64       696  524  2552  1291  1274  1068  212   51
923   JONESBO01       Bobby         Jones    N  125     3431  1453   274   160   614   284  115  142       148  400  1034   553   429   347    3    0
925   JONESCA01    Caldwell         Jones    N  119     3466   814   446   170   993   147   42  183       117  426   665   322   224   170    4    0
947   JONESSA01         Sam         Jones    N  154     4654  2909     0     0   720   358    0    0         0  395  2572  1149   753   611    0    0
956   JORDAMI01     Michael        Jordan    N  179     7474  5987   847   305  1152  1022  376  158       546  541  4497  2188  1766  1463  446  148
975   KEMPSH01        Shawn          Kemp    N   88     2937  1522   539   314   853   161   99  137       275  346  1032   514   616   491   15    3
984   KERSEJE01      Jerome        Kersey    N  126     3394  1557   440   283   723   233  168   80       163  427  1277   599   491   357   21    2
988   KIDDJA01        Jason          Kidd    N   77     3210  1279   420   131   551   690  156   24       267  180  1169   458   340   267  356   96
1045  LAIMBBI01        Bill      Laimbeer    N  113     3735  1354   840   257  1097   195   84   83       143  408  1174   549   259   212  137   44
1083  LEWISFR01     Freddie         Lewis    A  106     4151  1972     0     0   437   458    0    0         0  348  1679   712   643   548    0    0
1135  MAJERDA01         Dan       Majerle    N  123     4239  1441   456   153   609   304  164   52       128  285  1222   508   324   244  513  181
1137  MALONKA01        Karl        Malone    N  193     7907  4761  1560   502  2062   610  258  135       550  660  3768  1743  1725  1269   37    6
1140  MALONMO01       Moses        Malone    N   94     3796  2077   650   401  1295   136   71  130       207  244  1566   750   756   576    7    1
1171  MCADOBO01         Bob        Mcadoo    N   94     2714  1718   250    99   711   127   53  101       118  318  1423   698   442   320    8    2
1196  MCGINGE01      George      Mcginnis    A   70     2680  1629     0     0   901   286    0    0         0  291  1334   599   620   431    0    0
1202  MCHALKE01       Kevin        Mchale    N  169     5716  3182   797   456  1253   274   65  281       326  571  2145  1204   972   766   21    8
1208  MCKEYDE01     Derrick         Mckey    N  142     3786  1176   397   229   626   319  111   88       225  436   939   436   356   265  129   39
1216  MCMILNA01        Nate      Mcmillan    N   98     2186   489   245    98   343   505  131   43       139  271   483   184   133    84  128   37
1256  MILLERE01      Reggie        Miller    N  144     5309  2972   339    77   416   357  146   34       257  276  2095   941   862   770  820  320
1274  MONCRSI01      Sidney      Moncrief    N   93     3226  1487   280   189   469   317  106   36       224  285  1033   491   602   488   58   17
1290  MOURNAL01      Alonzo      Mourning    N   70     2316  1186   435   161   596    77   40  188       208  275   813   405   564   369   19    7
1305  MUTOMDI01     Dikembe       Mutombo    N   86     2934   886   623   280   903    75   38  235       148  239   570   292   428   302    1    0
1347  NOWITDI01        Dirk      Nowitzki    N   53     2241  1332   488    84   572   119   73   64       115  174   996   440   434   379  180   73
1350  OAKLECH01     Charles        Oakley    N  144     5108  1550   926   519  1445   283  178   42       308  503  1272   584   486   367   41   15
1360  OLAJUHA01      Hakeem      Olajuwon    N  145     5749  3755  1150   471  1621   458  245  472       424  562  2847  1504  1034   743   18    4
1371  ONEASH01    Shaquille        O'neal    N  171     6814  4546  1401   741  2142   517   97  393       517  604  3132  1759  1995  1028    0    0
1392  PARISRO01      Robert        Parish    N  184     6177  2820  1134   528  1765   234  138  298       365  617  2239  1132   770   556    1    0
1412  PAYTOGA01        Gary        Payton    N  129     4890  2022   389   142   531   772  193   29       275  376  1819   806   411   290  376  120
1421  PERKISA01         Sam       Perkins    N  167     4785  1861   681   255   936   246  118  126       207  441  1479   656   506   397  419  152
1435  PETTIBO01         Bob        Pettit    N   88     3545  2240     0     0  1304   241    0    0         0  277  1834   766   915   708    0    0
1449  PIPPESC01     Scottie        Pippen    N  208     8105  3642  1117   466  1583  1048  395  185       602  686  3009  1335  1067   772  660  200
1460  PORTETE01       Terry        Porter    N  124     3939  1828   300    73   373   624  137   14       236  245  1320   620   529   437  406  151
1485  RAMBIKU01        Kurt        Rambis    N  139     2565   719   528   236   764   119   85   68       141  373   495   284   215   151    1    0
1542  ROBEROS01       Oscar     Robertson    N   86     3673  1910     0     0   578   769    0    0         0  267  1466   675   655   560    0    0
1548  ROBINCL02    Clifford      Robinson    N  129     3668  1414   345   183   528   245  131  129       219  467  1327   525   453   284  271   80
1549  ROBINDA01       David      Robinson    N  123     4221  2222   934   367  1301   280  151  312       280  423  1604   768   966   684   15    2
1563  RODMADE01      Dennis        Rodman    N  169     4789  1081  1050   626  1676   205  106   97       258  630   902   442   352   190   47    7
1587  RUSSEBI01        Bill       Russell    N  165     7497  2673     0     0  4104   770    0    0         0  536  2335  1003  1106   667    0    0
1588  RUSSEBR01       Bryon       Russell    N  105     3081  1038   355    89   444   135  110   28        85  250   806   355   266   202  345  126
1594  SALLEJO01        John        Salley    N  134     2694   857   344   244   588   104   49  159       107  420   586   296   384   265    2    0
1610  SCHAYDO01       Dolph       Schayes    N   97     2687  1887     0     0  1051   257    0    0         0  371  1491   582   876   723    0    0
1619  SCHREDE01      Detlef      Schrempf    N  114     3338  1432   422   143   565   296   62   26       225  309  1049   488   506   399  153   57
1624  SCOTTBY01       Byron         Scott    N  183     5365  2451   400   136   536   390  226   30       266  445  1937   934   548   449  339  134
1657  SIKMAJA01        Jack         Sikma    N  102     3558  1461   431   137   945   244   97   80       134  432  1249   557   407   336   45   11
1660  SILASPA01        Paul         Silas    N  163     4619  1124    42    33  1527   335   30   13         9  469   998   396   480   332    0    0
1700  SMITHST01       Steve         Smith    N   90     2902  1338   169    99   268   195   77   29       135  221  1042   444   366   314  345  136
1702  SMITSRI01         Rik         Smits    N  104     2747  1537   391   149   540   135   51   90       185  419  1230   623   350   290    4    1
1724  STARKJO01        John        Starks    N   96     3035  1363   234    37   271   393  120    9       224  323  1069   450   378   287  475  176
1735  STOCKJO01        John      Stockton    N  182     6398  2436   446   162   608  1839  338   50       517  539  1809   855   759   615  341  111
1785  THOMAIS01       Isiah        Thomas    N  111     4216  2261   390   134   524   987  234   38       369  363  1869   825   689   530  234   81
1851  UNSELWE01         Wes        Unseld    N  119     4889  1260    21     7  1777   453   34   24         3  371  1040   513   385   234    1    0
1892  WALLABE01         Ben       Wallace    N   75     3033   709   724   323  1047   109  148  193       101  197   584   275   359   159    8    0
1895  WALLARA01     Rasheed       Wallace    N   98     3521  1506   484   175   659   164   85  134       143  355  1288   587   341   246  251   86
1942  WESTJE01        Jerry          West    N  153     6321  4457     0     0   855   973    0    0         0  451  3460  1622  1506  1213    0    0
1976  WILLIBU01        Buck      Williams    N  108     3710  1211   590   351   941   113   90   70       190  386   839   436   503   338    2    1
1983  WILLIGU01         Gus      Williams    N   99     3205  1927    67    56   308   469  155   39       105  243  1644   781   483   356   39    9
2038  WORTHJA01       James        Worthy    N  143     5297  3022   490   257   747   463  177   96       298  352  2329  1267   652   474   67   14